45 36 20
000000000000000000000000000000000000000000000
000000000000000000000000000000000000000000000
000000000000001111110000000000000000000000000
000000000000001000010000111111000000000000000
000000000000001000010000100001111100000000000
000000000000001000011111100000000100000000000
000111111111111110001000000000000100000000000
000101111100000010001000000000000110000000000
000100000100000110001111000000000111000000000
000110000100000100000011000000000111000000000
011110000100000100000001000000000001000000000
010011111100000100100001111100000001000000000
010001000111111100100000000100001001000000000
010001000010000000100100000100001001000000000
010001000010000000111111111111111001110000000
010001000010000111111111111110000000011111100
011111111111111100100000000010000000000000100
010000000010001100100001111110000000000000100
010000000010001100100001000000000000000000100
010000000010001100111111000000000000000000100
010000000010001100000100000000000001000000100
011111111110001100000100001001000001000000100
011111000010001111111100001001000001000000100
000001000010001111111111111111111111000000100
000001000011111000000000001000000000000000100
000001000010000000000000001000000000000000100
000001000010000000000000001000000000000000100
000001000011110000010000001000000000001111100
000001111111110000010000001000000000001000000
000000000000110000011111111000000000001000000
000000000000111111111111111111000000001000000
000000000000000000000000111111000000001000000
000000000000000000000000000011111111111000000
000000000000000000000000000000000000000000000
000000000000000000000000000000000000000000000
000000000000000000000000000000000000000000000
